0.5245872234764803
0.03911616772064741
0.9013406834491627
0.12365751306955808
0.6938983328042511
0.4374602345049067
0.7924742721087108
0.8431236178770936
0.31776758699730334
0.8536463977972272
0.9558893437206156
0.9011458165692572
0.5884666294538974
0.29122165916050424
0.11654581447198953
0.9513818641472259
0.8014719356427067
0.46805572235311754
0.8819421302506482
0.613696200562897
0.6930788779638246
0.22311707004417192
0.508347398488502
0.23573393992348868
0.5883406519894495
0.5615859578363198
0.24403382791998274
0.6149174884701368
0.15987485962397252
0.5969009246536203
0.6729844542102753
0.9083711611893096
0.42996176316266843
0.9135305979063907
0.06928265030244352
0.8417876016088642
0.04270481221542166
0.19742301994602118
0.4645341038225361
0.6169847973821093
0.8371579685113516
0.4769199946369147
0.9991603236069418
0.14880024161683014
0.5554755623047477
0.0010880775944857035
0.5067822846210741
0.5085110546117504
0.26524640333218685
0.22081476911404574
0.8325001959555203
0.5934437639333389
0.1692271812225461
0.9172256430199845
0.2307037620457234
0.9570003310819125
0.10019949107260184
0.0631195432760886
0.3587107766471961
0.192147965242759
0.755484755872158
0.7551292703380762
0.9422093231935561
0.059263144708364135
0.10930562471356542
0.5009386533849274
0.10625143596530673
0.31979241943993697
0.3804100820974935
0.2399990851111704
0.4648515080409429
0.6928315787047509
0.3272821802726502
0.5263339114819289
0.07283240882516662
0.1391957524503865
0.4083087643012855
0.505082943926063
0.5819567288406294
0.3768650817850364
0.40916458537048794
0.942732238719078
0.9218492797577338
0.2718027332140466
0.04234987821151781
0.2827765237468459
0.3462217759476086
0.826920483850316
0.857642030788697
0.8810702272444287
0.32464708260610464
0.15394381062892992
0.7737109204985981
0.3347480692451912
0.6061577915093784
0.2566435279277347
0.6650760720647652
0.014566526807440194
0.424592966663103
0.16289500939880053
0.26199063657976196
0.4032034324942523
0.4525066809022098
0.8230624196895738
0.02179247965418385
0.39931322071291153
0.7132183135077609
0.6991580991549649
0.4568193566840143
0.4371369384463565
0.5108149454390595
0.1906421558867526
0.5759934230440987
0.012382027289492559
0.57900187983004
0.7314366291898607
0.7167451820396056
0.08951378510471852
0.16974541408889277
0.450269004077668
0.9744833883477805
0.7669190259257016
0.8847335173659943
0.8001266835429504
0.2672524469913675
0.3256995236225315
0.16544817834138548
0.9328860145430252
0.24405630668034017
0.5744840042907671
0.23092914743749537
0.9368501410604457
0.7662214633616312
0.7967064425143853
0.4327938314090719
0.8133032458041137
0.08318608381803139
0.5840064661750666
0.3885164797952384
0.5199828991434906
0.3317666727979066
0.8034904786869627
0.7369810996593815
0.6017036801934063
0.5381022389781839
0.1977728222751346
0.1878658555279532
0.809569238023475
0.8118345573067014
0.791746369949726
0.8592762038252968
0.8778355458653122
0.19759467124506314
0.7434005410204058
0.5983528543005581
0.3128578857420503
0.5926148772944094
0.15341922255245943
0.54106555664708
0.45394027947988835
0.43346368437930705
0.790212923021071
0.2412258169028605
0.7632286789904259
0.2247709027028375
0.5250158080542305
0.6084905667046567
0.28908934208895976
0.1378417664535998
0.6435008423983696
0.17325743017931494
0.9506265857141758
0.4448008293850596
0.6010894736580306
0.9015998261637397
0.44948306289016127
0.8097818149037083
0.8948405559233515
0.18347182494582914
0.7192123561779246
0.017768559234995207
0.8723739493297262
0.6926411920379589
0.7045383565887215
0.6928588236692033
0.4164180518637053
0.14178786276118482
0.6499187970350414
0.9723463531261708
0.4286601881819244
0.7457944939583873
0.32469981194330955
0.9616691521190878
0.9662543979568211
0.32168059904910773
0.5662826310711562
0.48018516954664625
0.01741740769669009
0.15715927122569906
0.7274360994557179
0.5209466142241623
0.20160843262165795
0.36081385831025825
0.3555188203749432
0.10114646541809136
0.6354839290073278
0.2934653951499393
0.9387513116989359
0.9361690414135125
0.1291395981336385
0.8241367430689498
0.8328309322088097
0.18357094969575172
0.30180991635859367
0.10163320272360654
0.27030108658607743
0.012275625582226835
0.6242780670920016
0.7205400969285647
0.9228089506994779
0.08527248224137896
0.40147906849857207
0.2976393516602498
0.37411152774033907
0.6205620802845232
0.9520780553537489
0.8700231465609698
0.9677651124177491
0.397845481888615
0.005268934470781028
0.4833475938579489
0.349237031175464
0.08177958844355437
0.3177314778303493
0.4091877981076205
0.7276968367004301
0.6196119162918754
0.6080406229396211
0.23939709957019306
0.8422508722150956
0.7069644230027681
0.2940401795537635
0.3582766895775298
0.4000413265108118
0.9634305960244846
0.942569894231105
0.5230639400466123
0.7190015971255491
0.04012606918646455
0.6298535185343511
0.9116864537647803
0.07875917255457243
0.46493453765304193
0.6413710688157364
0.5551891182276182
0.2857234961096321
0.8199124730944145
0.02381569330208244
0.3544886595608596
0.909318720576262
0.9014360892368962
0.43428911688515226
0.2372519366491581
0.17888377440429293
0.05185504241554084
0.8809383061719065
0.2953447414003185
0.9625245625907753
0.6205482747414418
0.299617291254751
0.5140075740840588
0.6520374089833488
0.20874011311979823
0.8619603575871513
0.48643853556043504
0.40431009416890673
0.8157748615156077
0.6895656820232857
0.9262947871683453
0.39032381100509284
0.528485577041694
0.1861316043759964
0.4762651421691465
0.7434538919907596
0.9851213377266437
0.9247329666235437
0.0026387709551054517
0.44792692216164975
0.33272723817221683
0.25595339414209717
0.027866484165579797
0.31354620826635016
0.46220188591296607
0.3415587931271329
0.16437912451108416
0.0009003053940715988
0.9565408516532773
0.7053949577019007
0.3977317849280668
0.46648084332558626
0.25004286529573716
0.5938594352604394
0.32311726257732376
0.4492915038185279
0.1679995402302622
0.817048785366395
0.23917285814980938
0.7740302533216672
0.9525223697337831
0.5593652476343505
0.06586282114252862
0.7642512944107462
0.5751658732558242
0.5471000424962167
0.48487636945601065
0.8617292335891116
0.5416993586242644
0.19824890186796906
0.031045347663137157
0.7109264852090498
0.32766293835902394
0.3066839286559383
0.8057290091651593
0.9792617964937644
0.7586449875407253
0.23745815979933516
0.8751586448429811
0.5776976100455347
0.1785129288179499
0.7507036468024322
0.1088614516659574
0.32530414793764195
0.6457869522037996
0.24234532914644213
0.1905246290991044
0.8849453887284361
0.20833299819398154
0.6626343407272401
0.4518811375954389
0.819450393310521
0.5156122989345578
0.31500552559209105
0.061739772141656935
0.9964412962800158
0.7399939065247733
0.6621418194173189
0.4197681036863464
0.4142157644472271
0.7220897957294943
0.38122145165068577
0.6843965503807493
0.2526855310771624
0.9340389534352429
0.7919885349902852
0.09681888337848943
0.9047934496380168
0.6009216877155247
0.15506041955695582
0.6429966315808201
0.9021241652848123
0.03440411400250343
0.4320684181584674
0.6711948929996735
0.5800511005874178
0.9828767407624497
0.24892999713816566
0.607711981474613
0.5206012445103715
0.43612904488123283
0.2893919100049065
0.5171986592893633
0.3592279227774292
0.3013353706048433
0.16637007563559914
0.2586007014857249
0.5592192404573464
0.4071040506925684
0.3211787256790969
0.8004093701362325
0.4789195353898882
0.9291593275212224
0.35666847619904085
0.5790466815258782
0.7882289451423868
0.5185812364373235
0.9375822926247716
0.7454041032001133
0.84199782176523
0.736512492706337
0.8624692660976762
0.5207966563097146
0.45329878455987427
0.780508053288154
0.1740736627387781
0.0061285114910746286
0.505626615992571
0.13130280909745717
0.5223465350687737
0.6162521062703972
0.19384709424135316
0.2985455295061239
0.32845933604651545
0.08813181633864808
0.7878980862819861
0.06992925960876128
0.8829117632700223
0.1322198459513031
0.9984027386549332
0.7954655023289038
0.98543286241611
0.08577055124009214
0.5626555133491385
0.7906317768125927
0.7767068144305319
0.07245527048935119
0.40800551840744914
0.09996607698274484
0.04773533240327599
0.4130086931468274
0.6157989298471604
0.6418022285389982
0.4316374557937912
0.3010142378975018
0.9575096031784803
0.7985745909868015
0.6729103004916037
0.0779049440709908
0.40483578548400634
0.6346804182423746
0.0521480798029581
0.4422899288427682
